data_index Epipi.observed Epipi.predicted.repeat1 Epipi.predicted.repeat2 Epipi.predicted.repeat3 Epipi.predicted.repeat4 Epipi.predicted.repeat5
1 310.000 324.716 326.277 327.871 330.886 331.132
2 310.000 327.969 321.603 326.812 326.453 327.504
3 320.000 327.032 330.890 335.650 335.851 330.145
4 325.000 321.908 321.502 337.383 337.853 322.130
5 328.000 320.545 322.714 324.706 324.408 323.155
6 335.000 326.992 331.665 331.098 329.366 331.884
7 341.000 334.396 331.633 332.698 332.017 331.611
8 340.000 344.907 345.490 345.757 345.443 345.415
9 363.000 347.590 346.916 346.763 346.819 346.278
10 345.000 368.444 364.476 368.507 367.776 368.566
11 394.000 383.164 385.722 381.721 389.445 388.642
12 385.000 364.568 364.815 365.354 365.098 364.742
13 363.000 338.911 340.630 340.269 337.964 336.960
14 336.000 361.570 362.434 356.265 359.607 361.844
15 362.000 344.267 343.944 343.849 359.575 343.731
16 391.000 361.580 361.338 361.795 365.587 361.778
17 344.000 341.135 339.599 340.723 342.274 339.389
18 332.000 326.937 322.766 321.713 322.264 325.293
19 320.000 317.732 318.040 318.489 319.514 314.358
20 324.000 327.423 324.595 324.728 327.020 323.190
21 331.000 333.199 330.288 329.247 334.075 328.998
22 328.000 329.470 326.810 326.461 326.034 326.131
23 328.000 334.838 333.739 336.240 336.046 332.372
24 331.000 332.536 325.098 325.912 327.355 326.833
25 322.000 330.589 334.197 333.891 334.688 334.389
26 340.000 356.085 353.694 352.434 346.893 355.468
27 316.000 321.764 321.235 321.963 321.779 321.730
28 328.000 324.363 325.239 323.314 323.685 323.824
29 328.000 351.307 334.642 333.945 334.761 331.278
30 307.000 362.598 375.891 360.626 354.040 357.735
31 325.000 329.181 327.580 326.211 326.714 327.557
32 309.000 310.307 310.573 310.794 311.464 310.709
33 305.000 302.394 297.109 303.075 302.914 302.569
34 309.000 305.677 309.260 306.772 304.934 311.295
35 303.000 311.958 308.023 320.910 314.545 313.479
36 310.000 300.968 297.782 298.517 299.867 294.836
37 316.000 322.217 315.527 318.731 318.826 316.319
38 314.000 312.007 311.825 311.423 311.663 314.026
39 310.000 313.644 305.342 311.087 309.960 310.906
40 320.000 320.110 323.104 321.569 322.024 322.177
41 316.000 316.413 315.310 315.627 314.398 315.214
42 338.000 367.743 367.823 371.524 371.567 372.859
43 345.000 284.561 292.194 281.989 302.196 376.944
44 332.000 326.146 327.680 327.108 327.385 327.512
45 322.000 322.787 324.290 323.296 322.876 321.563
46 322.000 324.093 314.365 324.874 323.433 323.979
47 323.000 317.899 315.687 314.787 315.323 312.851
48 330.000 327.402 326.456 326.571 327.965 326.093
49 313.000 374.807 366.636 361.861 367.280 367.427
50 375.000 351.749 344.284 346.862 339.945 343.205
51 310.000 289.091 287.723 286.804 299.527 290.326
52 334.000 334.793 336.635 334.619 334.925 335.295
53 334.000 330.469 330.592 331.184 333.519 332.891
54 330.000 334.732 335.234 335.043 335.039 334.902
55 339.000 334.291 334.979 335.324 335.013 334.441
56 336.000 330.393 331.970 330.821 330.489 332.236
57 336.000 336.599 335.373 338.217 338.186 336.965
58 340.000 336.026 336.439 336.203 337.261 337.572
59 335.000 331.754 331.512 331.074 332.487 331.812
60 337.000 340.711 337.321 339.253 341.889 340.776
61 330.000 332.292 331.978 331.655 331.475 331.328
62 335.000 333.439 331.212 332.827 331.411 333.817
63 332.000 331.683 332.761 331.241 331.154 331.954
64 334.000 334.208 331.502 335.234 332.680 331.705
65 350.000 318.889 320.039 318.770 320.390 319.748
66 330.000 331.027 328.556 331.053 328.618 328.797
67 342.000 347.441 346.714 350.798 348.863 348.254
68 336.000 333.414 336.690 335.258 333.173 336.255
69 331.000 332.598 333.475 331.978 331.853 331.997
70 335.000 336.647 335.761 335.920 335.759 335.740
71 332.000 325.626 329.091 322.093 325.105 328.444
72 342.000 334.090 333.710 336.316 334.270 336.468
73 329.000 316.465 330.744 329.040 335.663 330.184
74 350.000 356.842 356.529 357.200 360.705 357.440
75 315.000 313.811 313.367 312.574 314.299 312.487
76 321.000 319.534 319.091 318.580 318.751 319.029
77 315.000 317.390 317.932 317.849 316.921 317.874
78 318.000 315.456 315.948 318.131 316.374 316.907
79 321.000 314.688 314.603 315.058 315.072 314.608
80 315.000 317.557 318.242 318.231 318.476 316.653
81 323.000 319.225 318.435 319.090 318.521 317.491
82 321.000 322.841 323.339 322.572 322.582 321.290
83 315.000 316.098 319.220 319.332 318.923 318.906
84 325.000 319.745 319.617 318.921 320.316 319.318
85 330.000 315.301 336.359 338.261 333.049 338.009
86 313.000 312.727 312.459 312.949 317.727 312.366
87 314.000 316.852 314.669 315.065 314.110 314.848
88 312.000 318.804 317.594 320.090 317.823 318.010
89 311.000 311.802 328.539 309.698 311.368 313.414
90 312.000 314.000 313.959 314.821 317.001 314.124
91 337.000 325.761 330.622 325.656 327.501 325.204
92 318.000 316.326 328.868 318.690 326.662 327.329
93 332.000 346.922 348.598 344.769 348.830 345.626
94 323.000 316.705 317.782 315.555 316.128 316.158
95 315.000 299.791 312.629 313.219 312.513 310.787
96 342.000 343.712 343.177 337.229 340.425 342.744
97 362.000 356.123 350.768 358.159 352.695 348.796
98 320.000 317.053 317.080 316.105 316.577 315.000
99 297.000 326.707 314.612 315.287 315.595 315.019
100 324.000 322.633 322.517 321.298 322.317 320.158
101 328.000 320.004 320.484 320.346 320.317 321.099
102 309.000 313.667 315.859 314.057 314.767 314.748
103 315.000 312.450 312.101 312.579 312.757 315.112
104 315.000 348.432 354.345 348.224 346.729 352.462
105 325.000 338.664 338.544 340.914 337.948 338.887
106 316.000 319.799 319.388 320.367 319.860 319.790
107 365.000 360.842 363.063 361.670 361.736 356.848
108 319.000 319.899 318.891 320.070 319.906 319.680
109 326.000 325.742 325.138 325.167 325.851 326.180
110 317.000 321.556 319.660 320.340 319.672 319.574
111 323.000 324.490 323.897 324.386 323.897 324.794
112 421.000 356.906 353.315 360.079 357.414 355.633
113 321.000 320.514 320.329 320.462 321.542 320.786
114 322.000 322.444 324.917 319.672 322.199 318.934
115 417.000 343.799 336.858 335.866 335.234 335.598
116 327.000 321.038 322.415 321.514 322.761 320.964
117 329.000 322.813 322.624 322.576 322.680 322.263
118 315.000 321.872 320.737 320.480 321.193 319.298
119 324.000 326.271 326.223 325.607 325.963 326.139
120 321.000 347.999 344.593 347.144 344.025 345.994
121 326.000 326.030 319.350 325.183 325.102 318.849
122 328.000 347.475 345.043 344.577 344.768 343.231
123 322.000 321.192 322.071 321.804 317.367 318.671
124 339.000 337.537 340.731 338.166 338.249 337.972
125 329.000 319.361 306.062 318.284 309.978 309.458
126 330.000 322.938 322.683 322.105 322.239 322.162
127 416.000 420.349 420.772 421.595 421.603 420.201
128 364.000 387.544 379.786 371.148 361.715 369.937
129 346.000 353.639 351.369 351.385 352.638 350.401
130 380.000 391.389 393.322 393.757 392.517 389.636
131 408.000 406.378 407.873 408.452 407.478 407.224
132 333.000 364.188 363.447 363.066 362.577 363.411
133 411.000 420.964 419.636 422.652 420.809 420.781
134 317.000 314.431 317.027 319.891 317.931 318.371
135 328.000 336.828 335.414 336.479 336.299 337.351
136 331.000 326.157 324.587 325.398 327.123 328.957
137 316.000 322.443 323.952 323.938 324.504 324.003
138 320.000 320.832 321.976 322.316 322.377 321.996
139 320.000 324.626 322.888 331.446 331.478 327.199
140 320.000 329.781 332.756 331.755 332.037 331.023
141 331.000 315.879 319.403 320.287 319.232 317.572
142 324.000 337.961 337.282 337.581 337.545 337.313
143 331.000 328.717 329.373 327.868 330.487 330.016
144 313.000 320.833 329.084 325.523 327.975 322.720
145 325.000 318.192 324.311 316.455 315.235 317.700
146 326.000 331.656 326.624 323.081 325.703 324.007
147 332.000 330.824 332.281 332.849 330.738 332.511
148 346.000 330.615 328.579 329.268 331.927 331.335
149 336.000 335.217 335.202 333.448 334.499 332.136
150 333.000 342.208 343.435 345.656 344.550 342.121
151 329.000 332.090 331.720 329.446 332.652 330.460
152 346.000 339.912 355.119 347.970 345.485 348.161
153 302.000 346.892 331.993 332.426 331.032 332.230
154 325.000 349.937 350.393 353.202 351.120 340.420
155 462.000 458.721 460.042 458.797 459.842 459.513
156 410.000 412.600 411.094 408.013 408.352 411.832
157 411.000 435.612 410.681 411.702 425.021 418.712
158 323.000 353.485 355.022 351.844 354.358 362.162
159 400.000 364.189 366.178 366.136 367.456 364.622
160 330.000 340.173 335.362 333.080 333.786 333.988
161 446.000 447.728 448.773 450.503 448.548 447.304
162 311.000 339.893 337.584 342.615 331.942 340.846
163 419.000 416.976 411.517 410.438 412.360 411.521
164 416.000 416.055 416.408 414.577 416.015 414.512
165 427.000 408.449 409.504 406.768 406.988 407.089
166 466.000 451.789 447.533 450.812 449.548 450.541
167 442.000 411.009 412.694 410.599 412.325 410.331
168 407.000 413.936 412.121 413.738 414.390 414.695
169 400.000 414.117 409.937 411.499 411.130 413.595
170 411.000 429.408 428.381 428.765 428.180 428.110
171 426.000 429.600 429.435 426.628 431.453 429.870
172 412.000 471.815 455.890 453.370 454.022 453.555
173 420.000 450.213 449.977 449.883 451.150 450.286
174 482.000 484.274 481.562 482.913 482.738 485.413
175 455.000 449.615 447.990 451.792 449.406 449.877
176 503.000 453.633 452.514 455.992 450.483 453.926
177 410.000 465.881 457.074 441.703 447.944 450.632
178 441.000 413.039 409.990 411.566 405.466 412.824
179 455.000 447.529 448.375 452.159 447.751 446.473
180 440.000 428.771 430.778 430.140 428.333 431.438
181 420.000 430.862 428.469 429.205 431.030 431.818
182 473.000 461.395 461.090 468.981 463.843 469.227
183 483.000 466.592 465.946 467.053 469.564 461.621
184 335.000 405.922 398.553 415.852 404.662 414.654
185 382.000 376.939 383.126 384.160 377.261 389.428
186 355.000 359.745 362.576 360.545 359.397 359.659
187 400.000 400.253 395.879 396.872 398.538 393.656
188 332.000 351.404 347.150 353.200 350.207 351.212
189 357.000 369.728 357.164 356.776 358.932 356.491
190 385.000 372.558 379.377 372.869 367.751 381.170
191 351.000 328.031 329.461 330.286 336.139 331.756
192 515.000 512.859 506.988 515.396 514.373 515.117
193 495.000 485.800 485.946 487.026 487.900 490.020
194 503.000 506.850 506.531 508.282 504.375 506.682
195 500.000 478.929 476.231 480.226 477.663 479.222
196 478.000 471.783 477.825 478.253 481.375 465.514
197 432.000 405.563 413.516 409.803 411.912 409.602
198 411.000 405.184 412.237 410.180 405.960 404.264
199 452.000 466.220 467.210 467.101 466.286 465.722
200 425.000 416.117 419.495 414.675 415.435 416.332
201 399.000 409.045 406.500 407.041 407.515 406.804
202 562.000 539.069 520.682 539.015 534.477 540.127
203 400.000 382.489 385.595 382.250 381.241 381.614
204 400.000 420.098 416.259 409.314 416.528 419.025
205 492.000 501.271 475.129 479.725 485.386 478.035
206 382.000 435.990 419.401 428.622 425.769 430.930
207 402.000 399.557 401.907 399.690 399.879 398.355
208 410.000 410.193 408.592 408.811 408.940 408.232
209 431.000 431.209 427.960 430.665 430.066 429.893
210 406.000 414.671 412.334 412.419 412.909 402.531
211 452.000 424.142 427.383 424.604 426.921 426.270
212 417.000 417.732 417.930 417.921 418.190 417.773
213 420.000 419.800 421.208 420.617 422.562 419.759
214 412.000 407.990 408.033 409.303 408.918 406.903
215 422.000 427.861 423.610 427.179 425.720 422.779
216 501.000 499.383 502.707 502.608 502.072 499.380
217 488.000 414.166 411.526 412.588 413.502 411.000
218 489.000 484.274 481.562 481.904 481.901 482.101
219 512.000 504.089 504.137 501.705 505.416 505.482
220 532.000 525.473 528.036 527.450 525.814 528.017
221 542.000 535.569 536.475 536.357 532.989 537.089
222 540.000 541.125 540.966 538.934 539.172 536.533
223 551.000 555.693 554.596 556.562 556.391 556.259
224 592.000 597.025 596.661 600.477 596.769 596.661
225 505.000 499.383 500.900 500.901 500.901 501.100
226 526.000 525.883 525.029 524.162 525.610 522.409
227 545.000 549.545 549.484 548.592 550.589 547.612
228 555.000 551.014 555.672 552.348 549.419 552.207
229 554.000 552.965 553.628 552.918 558.253 549.660
230 565.000 569.724 569.038 569.993 565.835 568.340
231 601.000 608.515 608.302 609.264 604.375 608.569
232 492.000 494.789 495.039 497.371 494.225 496.131
233 518.000 520.866 522.955 521.280 521.852 519.784
234 540.000 542.057 539.596 542.230 541.219 540.024
235 555.000 560.009 559.691 559.096 557.764 560.810
236 549.000 552.502 548.565 548.453 548.620 544.929
237 573.000 566.448 566.793 565.779 567.345 569.035
238 623.000 610.394 608.923 606.364 610.604 610.240
239 403.000 403.100 403.100 402.899 403.492 402.899
240 429.000 432.277 432.134 435.094 434.467 433.650
241 424.000 428.460 428.440 429.658 430.132 429.311
242 461.000 460.900 460.900 460.900 459.117 461.100
243 417.000 413.871 412.905 413.170 413.876 413.726
244 414.000 407.617 407.892 407.573 408.425 407.756
245 412.000 417.809 417.396 417.152 417.281 417.915
246 410.000 408.919 409.530 409.193 409.251 409.315
247 413.000 411.931 412.850 411.758 412.354 411.969
248 417.000 414.341 413.541 413.552 413.763 413.901
249 415.000 410.583 408.151 408.097 411.211 408.095
250 419.000 416.129 414.063 415.935 416.254 416.288
251 418.000 417.344 416.774 415.295 418.258 416.032
252 421.000 420.015 417.862 417.927 424.435 420.564
253 438.000 443.235 447.315 442.037 441.354 444.884
254 437.000 435.822 436.029 436.356 433.986 436.974
255 409.000 399.476 399.665 398.963 400.438 400.021
256 407.000 406.469 404.294 404.740 407.043 408.003
257 405.000 406.817 412.233 408.656 408.101 409.560
258 402.000 405.534 404.997 405.262 404.286 404.734
259 402.000 408.802 408.096 407.261 408.741 407.633
260 405.000 399.769 399.379 399.260 399.734 401.736
261 434.000 438.458 445.837 444.747 436.111 437.783
262 412.000 406.629 404.138 403.902 405.229 408.595
263 396.000 395.814 397.056 396.715 397.327 395.438
264 422.000 416.410 418.662 418.009 419.255 427.016
265 418.000 408.805 411.158 412.284 409.226 410.807
266 408.000 405.430 404.437 404.824 404.908 404.305
267 408.000 401.099 401.059 399.224 399.452 399.079
268 404.000 406.759 404.233 405.534 406.017 405.306
269 404.000 402.556 400.811 400.986 403.301 403.342
270 406.000 399.579 398.574 398.119 401.121 398.189
271 398.000 401.896 402.565 402.754 403.291 403.445
272 411.000 402.735 400.613 400.993 400.608 400.765
273 429.000 429.308 431.906 430.826 430.968 430.780
274 428.000 422.369 423.205 422.652 424.457 423.551
275 394.000 400.093 400.949 401.666 400.296 399.824
276 394.000 396.266 399.396 396.963 397.339 397.193
277 395.000 409.585 408.501 408.426 406.408 410.876
278 400.000 401.084 400.863 401.901 400.622 401.444
279 400.000 396.032 396.922 396.432 395.664 396.317
280 395.000 401.508 402.847 401.984 402.012 402.542
281 399.000 388.585 398.637 387.916 389.301 387.017
282 396.000 400.595 399.679 403.735 398.254 399.276
283 396.000 405.033 407.237 405.322 405.987 405.931
284 403.000 404.677 401.143 404.761 398.816 400.118
285 400.000 391.389 388.712 387.209 388.551 389.636
286 400.000 394.264 397.941 395.348 395.252 395.554
287 398.000 406.098 407.583 406.860 407.130 399.253
288 390.000 396.100 396.848 397.165 397.300 396.206
289 396.000 397.329 398.630 393.617 395.615 397.746
290 407.000 425.570 414.391 414.644 413.208 413.926
291 397.000 392.132 392.480 391.801 391.787 390.909
292 403.000 402.899 403.099 403.099 403.492 403.100
293 396.000 390.777 391.503 391.479 401.785 402.187
294 399.000 396.947 396.526 397.061 398.278 397.674
295 404.000 406.047 405.744 405.786 405.550 405.867
296 382.000 380.341 379.344 380.192 379.243 376.107
297 392.000 390.760 391.112 390.201 390.401 387.131
298 464.000 438.310 441.558 438.867 439.291 440.970
299 468.000 448.306 451.595 448.530 449.941 447.086
300 463.000 456.068 454.932 459.158 454.299 451.768
301 443.000 450.829 451.615 451.792 452.095 453.947
302 451.000 447.525 450.601 448.163 448.154 453.546
303 475.000 487.172 470.410 468.713 470.678 468.715
304 451.000 456.776 456.954 458.128 458.055 457.166
305 461.000 460.900 460.900 461.100 459.117 459.611
306 448.000 457.476 454.914 453.663 459.376 461.579
307 452.000 462.566 460.384 459.641 457.777 457.584
308 463.000 460.937 461.098 461.690 461.234 460.625
309 432.000 439.037 436.807 436.110 434.511 433.516
310 441.000 440.629 442.371 444.547 440.968 440.687
311 394.000 383.157 388.206 384.427 386.207 389.966
312 413.000 412.941 413.292 413.104 416.195 412.063
313 387.000 390.173 382.771 390.128 390.858 392.292
314 378.000 369.252 365.362 365.017 368.334 367.218
315 367.000 373.953 374.705 375.248 374.941 372.471
316 373.000 375.634 379.103 378.853 379.651 380.097
317 370.000 385.339 379.170 383.998 380.240 379.946
318 362.000 361.454 364.889 363.442 359.401 352.832
319 364.000 359.993 362.734 360.101 360.146 357.515
320 362.000 372.116 370.774 379.000 375.644 374.326
321 428.000 416.478 415.433 412.574 417.676 414.757
322 434.000 424.762 426.542 420.306 423.462 425.844
323 437.000 441.821 442.058 443.311 434.973 444.170
324 431.000 435.170 434.746 438.243 437.110 438.226
325 445.000 440.617 444.161 440.482 440.813 441.768
326 451.000 457.355 456.662 451.413 457.335 456.359
327 467.000 462.006 460.561 458.602 460.993 461.599
328 459.000 464.110 462.562 460.028 460.200 462.254
329 420.000 425.383 425.531 425.589 424.688 425.663
330 432.000 431.078 429.680 427.775 428.322 426.734
331 440.000 443.269 437.756 436.126 440.790 443.460
332 438.000 433.181 430.231 435.202 432.561 432.455
333 392.000 392.808 391.344 392.281 393.421 394.061
334 401.000 403.513 401.168 402.045 403.128 400.858
335 411.000 410.502 409.390 409.446 412.918 409.893
336 408.000 410.181 411.674 410.068 407.920 406.412
337 378.000 389.919 389.981 389.640 390.565 390.045
338 379.000 373.152 373.191 375.124 372.980 372.157
339 267.000 433.550 449.046 434.347 435.172 441.269
340 439.000 419.901 432.037 430.267 423.116 431.948
341 430.000 363.056 364.950 366.915 367.380 363.792
342 421.000 376.723 373.056 373.772 369.879 370.662
343 328.000 333.171 331.564 333.913 335.087 336.159
344 335.000 331.003 325.966 331.285 330.794 331.790
345 328.000 336.614 336.634 338.360 337.089 332.821
346 331.000 370.589 360.322 352.274 367.998 363.993
347 371.000 367.531 367.544 351.955 365.790 371.890
348 325.000 326.248 326.071 328.872 324.099 323.471
349 361.000 357.706 356.410 359.201 354.611 360.641
350 328.000 342.453 343.435 342.008 344.293 342.898
351 392.000 366.253 346.050 366.460 365.886 366.902
352 340.000 340.872 343.928 343.368 346.707 344.805
353 335.000 346.988 346.024 347.470 346.849 349.345
354 343.000 346.651 344.248 345.892 346.722 346.202
355 334.000 349.747 344.891 346.680 344.265 344.617
356 346.000 352.969 351.782 345.928 347.777 346.997
357 342.000 344.592 345.376 344.544 345.652 344.395
358 368.000 342.211 353.161 353.509 353.738 352.937
359 332.000 371.371 372.004 370.916 371.513 368.631
360 341.000 345.902 346.102 337.947 345.902 345.901
361 346.000 340.902 340.901 337.947 340.901 341.101
362 406.000 385.620 387.762 373.852 385.139 389.788
363 337.000 339.588 345.378 340.355 340.109 337.140
364 399.000 368.907 368.271 368.256 370.762 367.309
365 340.000 339.181 359.660 352.776 340.973 352.528
366 421.000 378.165 356.405 377.142 377.544 377.727
367 384.000 383.958 383.918 387.895 383.745 381.586
368 390.000 395.676 393.306 389.271 393.825 391.789
369 395.000 388.333 387.034 382.829 384.890 402.356
370 390.000 413.040 412.311 413.375 410.497 413.156
371 388.000 400.773 401.107 400.535 398.504 404.695
372 395.000 387.191 387.971 389.652 388.596 388.262
373 503.000 390.759 394.133 390.435 391.174 388.838
374 398.000 395.880 391.110 389.945 392.836 383.200
375 401.000 392.951 392.045 390.786 392.714 386.614
376 413.000 414.036 415.460 414.023 411.842 412.993
377 414.000 433.878 433.877 436.126 434.486 435.042
378 428.000 430.341 429.559 430.972 428.740 427.735
379 436.000 433.237 432.524 432.842 432.082 432.465
380 491.000 471.868 480.027 486.979 469.269 476.155
381 438.000 441.568 437.638 439.740 439.248 442.771
382 516.000 452.797 451.695 451.292 446.478 451.483
383 456.000 480.183 482.384 480.502 480.783 481.835
384 462.000 462.531 463.103 463.727 450.075 466.214
385 442.000 443.080 439.568 440.371 442.572 439.045
386 450.000 442.970 437.976 443.113 449.535 440.456
387 461.000 450.435 448.596 450.222 452.209 450.666
388 456.000 458.350 454.368 453.842 455.086 454.796
389 437.000 457.954 458.965 454.420 455.871 458.255
390 545.000 538.337 539.772 540.178 539.381 540.967
391 535.000 421.456 418.606 418.568 418.569 415.465
392 550.000 541.039 541.700 540.281 541.144 541.839
